chr10	0	362991	0	362991
chr10	362991	363000	362996	363005
chr10	363000	402914	363000	402914
chr10	402916	415876	402914	415874
chr10	415877	517789	415874	517786
chr10	517789	665384	517788	665383
chr10	665386	674116	665383	674113
chr10	674117	811539	674113	811535
chr10	811541	811588	811535	811582
chr10	811588	917079	811584	917075
chr10	917080	917186	917075	917181
chr10	917186	931971	917182	931967
chr10	931971	1137340	931968	1137337
chr10	1137341	1216128	1137337	1216124
chr10	1216128	1216142	1216127	1216141
chr10	1216142	1216155	1216144	1216157
chr10	1216164	1334546	1216160	1334542
chr10	1334547	1476116	1334542	1476111
chr10	1476118	1576382	1476111	1576375
chr10	1576383	1687000	1576375	1686992
chr10	1687001	1687664	1686993	1687656
chr11	0	251651	0	251651
chr11	251652	294601	251651	294600
chr11	294601	298527	294605	298531
chr11	298528	337575	298531	337578
chr11	337576	560873	337578	560875
chr11	560873	670601	560877	670605
chr11	670633	670653	670633	670653
chr11	670653	713554	670657	713558
chr11	713555	714096	713558	714099
chr11	714097	769111	714099	769113
chr11	769113	925553	769113	925553
chr11	925554	1189667	925553	1189666
chr11	1189700	1695296	1189700	1695296
chr11	1695297	1726966	1695296	1726965
chr11	1726967	2038000	1726965	2037998
chr11	2038001	2038342	2037999	2038340
chr12	0	166074	0	166074
chr12	166075	191000	166074	190999
chr12	191000	191008	190824	190832
chr12	191008	193719	191007	193718
chr12	193737	193754	193732	193749
chr12	193759	207497	193758	207496
chr12	207498	207732	207496	207730
chr12	207733	232000	207730	231997
chr12	232000	249981	231996	249977
chr12	249982	434466	249977	434461
chr12	434467	451830	434461	451824
chr12	451831	466172	451824	466165
chr12	466173	483987	466165	483979
chr12	483988	490635	483979	490626
chr12	490636	520048	490626	520038
chr12	520049	585427	520038	585416
chr12	585428	588000	585416	587988
chr12	588000	589714	587987	589701
chr12	589715	644219	589701	644205
chr12	644221	646657	644205	646641
chr12	646658	650324	646641	650307
chr12	650324	651203	650311	651190
chr12	651203	725114	651192	725103
chr12	725115	729090	725103	729078
chr12	729090	729106	729097	729113
chr12	729130	732584	729118	732572
chr12	732585	818684	732572	818671
chr12	818684	828512	818673	828501
chr12	828513	852306	828501	852294
chr12	852306	901237	852298	901229
chr12	901255	901261	901235	901241
chr12	901261	901267	901247	901253
chr12	901267	961491	901259	961483
chr12	961495	962099	961483	962087
chr12	962100	1031000	962087	1030987
chr12	1031000	1031036	307940	307976
chr12	1031037	1031063	702522	702548
chr12	1031065	1031085	1014295	1014315
chr12	1031085	1066924	1031072	1066911
chr12	1066925	1090503	1066911	1090489
chr12	1090503	1123729	1090491	1123717
chr12	1123729	1123758	1123718	1123747
chr12	1123760	1163264	1123748	1163252
chr12	1163264	1163278	1163257	1163271
chr12	1163278	1163310	1163276	1163308
chr12	1163325	1210825	1163313	1210813
chr12	1210826	1252724	1210813	1252711
chr12	1252726	1271155	1252711	1271140
chr12	1271156	1312580	1271140	1312564
chr12	1312581	1315362	1312564	1315345
chr12	1315364	1320604	1315348	1320588
chr12	1320605	1339294	1320588	1339277
chr12	1339295	1457996	1339277	1457978
chr12	1458000	1475959	1457981	1475940
chr12	1475959	1475997	1475945	1475983
chr12	1476000	1508445	1475981	1508426
chr12	1508446	1519727	1508426	1519707
chr12	1519727	1519737	1519709	1519719
chr12	1519745	1519962	1519725	1519942
chr12	1519963	1559137	1519942	1559116
chr12	1559138	1576273	1559116	1576251
chr12	1576274	1581387	1576251	1581364
chr12	1581388	1619096	1581364	1619072
chr12	1619097	1625000	1619072	1624975
chr12	1625005	1701074	1624980	1701049
chr12	1701075	1713126	1701049	1713100
chr12	1713127	1748681	1713100	1748654
chr12	1748682	1748811	1748654	1748783
chr12	1748812	1786837	1748783	1786808
chr12	1786839	1789220	1786808	1789189
chr12	1789222	1795601	1789189	1795568
chr12	1795602	1795860	1795568	1795826
chr12	1795861	1821293	1795826	1821258
chr12	1821294	1836711	1821258	1836675
chr12	1836711	1836721	1836683	1836693
chr12	1836721	1836736	1836695	1836710
chr12	1836748	1859618	1836712	1859582
chr12	1859619	1879119	1859582	1879082
chr12	1879121	1879125	1879082	1879086
chr12	1879125	1897335	1879088	1897298
chr12	1897336	1908146	1897298	1908108
chr12	1908146	1919487	1908110	1919451
chr12	1919488	1931614	1919451	1931577
chr12	1931614	1931636	1931578	1931600
chr12	1931637	1983189	1931600	1983152
chr12	1983191	1994053	1983152	1994014
chr12	1994054	2009977	1994014	2009937
chr12	2009977	2010127	2009939	2010089
chr12	2010128	2040350	2010089	2040311
chr12	2040350	2216401	2040313	2216364
chr12	2216405	2271000	2216364	2270959
chr12	2271001	2271535	2270960	2271494
chr13	0	94965	0	94965
chr13	94965	95894	94967	95896
chr13	95895	115405	95896	115406
chr13	115406	116273	115406	116273
chr13	116293	179861	116273	179841
chr13	179861	276305	179843	276287
chr13	276305	414306	276289	414290
chr13	414308	421958	414290	421940
chr13	421958	422365	421942	422349
chr13	422366	481000	422349	480983
chr13	481000	481038	480974	481012
chr13	481038	547875	481021	547858
chr13	547876	547952	547858	547934
chr13	547954	548235	547934	548215
chr13	548239	548479	548215	548455
chr13	548479	600598	548457	600576
chr13	600600	679410	600576	679386
chr13	679411	1048443	679386	1048418
chr13	1048443	1048455	1048429	1048441
chr13	1048472	1440000	1048447	1439975
chr13	1440000	1440914	1438655	1439569
chr13	1440916	1441000	1439569	1439653
chr13	1441000	1638976	1440975	1638951
chr13	1638976	1649910	1638953	1649887
chr13	1649915	1694917	1649887	1694889
chr13	1694918	1727978	1694889	1727949
chr13	1727978	1728000	1727950	1727972
chr13	1728000	1784636	1727971	1784607
chr13	1784637	1893917	1784607	1893887
chr13	1893918	1895320	1893887	1895289
chr13	1895322	1906231	1895289	1906198
chr13	1906231	1929402	1906200	1929371
chr13	1929402	1929428	1929373	1929399
chr13	1929430	1948868	1929399	1948837
chr13	1948869	1976255	1948837	1976223
chr13	1976255	2010864	1976225	2010834
chr13	2010866	2031351	2010834	2031319
chr13	2031353	2096932	2031319	2096898
chr13	2096934	2126874	2096898	2126838
chr13	2126874	2211551	2126839	2211516
chr13	2211633	2211650	2211600	2211617
chr13	2211650	2211660	2211618	2211628
chr13	2211666	2367298	2211632	2367264
chr13	2367299	2370119	2367264	2370084
chr13	2370120	2380013	2370084	2379977
chr13	2380014	2508859	2379977	2508822
chr13	2508910	2508946	2508871	2508907
chr13	2508946	2660990	2508909	2660953
chr13	2661000	2671984	2660957	2671941
chr13	2671984	2672000	2671944	2671960
chr13	2672012	2672030	2638692	2638710
chr13	2672031	2672036	2638712	2638717
chr13	2672045	2672052	2638722	2638729
chr13	2672059	2672068	2638735	2638744
chr13	2672126	2672881	2672082	2672837
chr13	2672883	2672907	2829252	2829276
chr13	2673010	2674538	2672963	2674491
chr13	2674558	2779518	2674505	2779465
chr13	2779519	2808524	2779465	2808470
chr13	2808526	2826679	2808470	2826623
chr13	2826679	2925000	2826625	2924946
chr13	2925001	2925290	2924947	2925236
chr14	0	18562	0	18562
chr14	18562	109943	18567	109948
chr14	109944	133667	109948	133671
chr14	133669	179864	133671	179866
chr14	179864	179877	179876	179889
chr14	179899	209226	179901	209228
chr14	209227	233957	209228	233958
chr14	233957	282208	233962	282213
chr14	282209	472573	282213	472577
chr14	472573	572838	472579	572844
chr14	572840	573070	572844	573074
chr14	573070	573775	573076	573781
chr14	573776	573824	573781	573829
chr14	573824	623829	573833	623838
chr14	623830	723299	623838	723307
chr14	723301	966057	723307	966063
chr14	966057	986538	966065	986546
chr14	986540	1153905	986546	1153911
chr14	1153909	1154630	1153911	1154632
chr14	1154631	1187358	1154632	1187359
chr14	1187370	1187385	1187360	1187375
chr14	1187385	1339052	1187386	1339053
chr14	1339052	1339373	1339055	1339376
chr14	1339375	1340208	1339376	1340209
chr14	1340209	1615981	1340209	1615981
chr14	1615985	2029237	1615981	2029233
chr14	2029238	2030134	2029233	2030129
chr14	2030136	2066080	2030129	2066073
chr14	2066082	2187651	2066073	2187642
chr14	2187651	2233288	2187646	2233283
chr14	2233288	2446737	2233285	2446734
chr14	2446738	2628999	2446734	2628995
chr14	2629000	2768967	2628994	2768961
chr14	2768970	2824258	2768961	2824249
chr14	2824260	2911963	2824249	2911952
chr14	2911963	2997124	2911954	2997115
chr14	2997125	3018892	2997115	3018882
chr14	3018893	3046239	3018882	3046228
chr14	3046239	3158193	3046230	3158184
chr14	3158193	3158212	3158189	3158208
chr14	3158212	3158231	3158213	3158232
chr14	3158246	3185629	3158237	3185620
chr14	3185631	3291000	3185620	3290989
chr14	3291001	3291947	3290990	3291936
chr1	0	57393	0	57393
chr1	57394	58094	57405	58105
chr1	58096	58163	58106	58173
chr1	58174	58224	58174	58224
chr1	58239	58270	58230	58261
chr1	58287	58318	58282	58313
chr1	58321	58348	58313	58340
chr1	58350	74446	58340	74436
chr1	74447	75684	74436	75673
chr1	75684	108570	75674	108560
chr1	108574	122546	108560	122532
chr1	122546	187993	122534	187981
chr1	187993	190327	187983	190317
chr1	190327	237237	190323	237233
chr1	237240	237490	237233	237483
chr1	237490	270242	237487	270239
chr1	270247	272453	270239	272445
chr1	272454	273141	272445	273132
chr1	273163	286869	273132	286838
chr1	286869	287224	286850	287205
chr1	287230	288138	287205	288113
chr1	288138	288326	288115	288303
chr1	288326	288513	288315	288502
chr1	288514	289090	288502	289078
chr1	289110	289338	289078	289306
chr1	289338	289488	289316	289466
chr1	289492	292638	289466	292612
chr1	292638	292879	292618	292859
chr1	292897	293533	292859	293495
chr1	293545	293819	293495	293769
chr1	293819	293865	293783	293829
chr1	293865	294122	293835	294092
chr1	294128	294426	294092	294390
chr1	294426	297153	294398	297125
chr1	297153	310403	297129	310379
chr1	310405	311968	310379	311942
chr1	311970	313190	311942	313162
chr1	313194	314550	313162	314518
chr1	314557	319561	314519	319523
chr1	319561	319792	319529	319760
chr1	319794	320663	319760	320629
chr1	320663	326214	320635	326186
chr1	326214	326220	326188	326194
chr1	326221	332850	326194	332823
chr1	332854	333994	332823	333963
chr1	333995	333999	333963	333967
chr1	334000	334900	333965	334865
chr1	334904	337098	334865	337059
chr1	337123	337130	337079	337086
chr1	337130	358015	337091	357976
chr1	358019	371655	357976	371612
chr1	371656	428941	371612	428897
chr1	428943	429764	428897	429718
chr1	429766	430559	429718	430511
chr1	430560	440508	430511	440459
chr1	440508	440779	440461	440732
chr1	440781	444324	440732	444275
chr1	444324	444732	444277	444685
chr1	444733	444975	444685	444927
chr1	444977	491605	444927	491555
chr1	491606	493144	491555	493093
chr1	493145	518480	493093	518428
chr1	518482	539759	518428	539705
chr1	539760	568105	539705	568050
chr1	568106	572474	568050	572418
chr1	572475	573144	572418	573087
chr1	573144	573680	573091	573627
chr1	573682	575267	573627	575212
chr1	575268	640000	575212	639944
chr1	640001	640907	639945	640851
chr2	0	257378	0	257378
chr2	257378	483167	257381	483170
chr2	483167	483182	483183	483198
chr2	483196	483232	483199	483235
chr2	483232	483252	483262	483282
chr2	483282	631345	483285	631348
chr2	631358	674699	631348	674689
chr2	674703	676186	674689	676172
chr2	676189	719262	676172	719245
chr2	719269	719286	719250	719267
chr2	719286	794139	719269	794122
chr2	794140	947000	794122	946982
chr2	947001	947120	946983	947102
chr3	0	74267	0	74267
chr3	74267	75486	74271	75490
chr3	75488	75524	75490	75526
chr3	75524	87254	75528	87258
chr3	87254	100657	87260	100663
chr3	100657	111781	100665	111789
chr3	111781	151480	111791	151490
chr3	151482	173315	151490	173323
chr3	173317	210890	173323	210896
chr3	210892	211383	210896	211387
chr3	211385	248736	211387	248738
chr3	248738	249397	248738	249397
chr3	249397	250786	249401	250790
chr3	250793	291084	250790	291081
chr3	291084	426065	291083	426064
chr3	426066	426431	426064	426429
chr3	426431	460799	426431	460799
chr3	460800	486464	460799	486463
chr3	486464	499138	486465	499139
chr3	499138	527776	499141	527779
chr3	527776	532869	527781	532874
chr3	532877	572061	532874	572058
chr3	572063	603319	572058	603314
chr3	603319	610971	603316	610968
chr3	610972	630533	610968	630529
chr3	630533	697453	630533	697453
chr3	697455	710570	697453	710568
chr3	710570	710614	710570	710614
chr3	710615	711254	710614	711253
chr3	711254	715558	711255	715559
chr3	715559	723186	715559	723186
chr3	723190	756379	723186	756375
chr3	756379	761271	756377	761269
chr3	761273	763134	761269	763130
chr3	763136	820217	763130	820211
chr3	820217	863682	820220	863685
chr3	863682	863871	863689	863878
chr3	863871	911158	863880	911167
chr3	911160	928626	911167	928633
chr3	928627	976097	928633	976103
chr3	976097	976660	976105	976668
chr3	976660	996692	976670	996702
chr3	996692	997000	996708	997016
chr3	997000	1067000	997018	1067018
chr3	1067001	1067953	1067019	1067971
chr4	0	95876	0	95876
chr4	95876	96437	95878	96439
chr4	96437	97268	96441	97272
chr4	97272	116963	97272	116963
chr4	116963	117093	116965	117095
chr4	117095	119169	117095	119169
chr4	119169	136781	119171	136783
chr4	136782	146692	136783	146693
chr4	146693	173493	146693	173493
chr4	173493	197000	173495	197002
chr4	197004	197040	150389	150425
chr4	197040	203681	197042	203683
chr4	203681	204598	203685	204602
chr4	204598	207135	204604	207141
chr4	207145	214732	207141	214728
chr4	214732	217286	214732	217286
chr4	217286	242882	217287	242883
chr4	242882	244999	242899	245016
chr4	245000	245836	245019	245855
chr4	245837	249717	245855	249735
chr4	249717	250050	249759	250092
chr4	250050	250348	250098	250396
chr4	250348	260245	250402	260299
chr4	260245	277942	260301	277998
chr4	277956	278535	277998	278577
chr4	278543	303155	278577	303189
chr4	303155	305222	303199	305266
chr4	305226	313609	305266	313649
chr4	313609	313803	313661	313855
chr4	313803	315000	313875	315072
chr4	315000	315016	315055	315071
chr4	315016	320061	315088	320133
chr4	320081	320203	320133	320255
chr4	320218	330943	320255	330980
chr4	330943	332374	331006	332437
chr4	332374	344701	332439	344766
chr4	344701	351000	344774	351073
chr4	351015	353291	351073	353349
chr4	353291	367403	353351	367463
chr4	367413	369950	367463	370000
chr4	369950	372485	370004	372539
chr4	372497	375102	372539	375144
chr4	375102	382912	375147	382957
chr4	382912	383251	382987	383326
chr4	383251	401232	383334	401315
chr4	401240	406689	401315	406764
chr4	406699	497318	406764	497383
chr4	497320	497340	497383	497403
chr4	497340	535840	497405	535905
chr4	535842	647157	535905	647220
chr4	647159	717092	647220	717153
chr4	717093	724942	717153	725002
chr4	724944	729757	725002	729815
chr4	729757	739894	729816	739953
chr4	739896	740720	739953	740777
chr4	740720	815720	740779	815779
chr4	815721	816023	815779	816081
chr4	816023	828050	816082	828109
chr4	828051	877530	828109	877588
chr4	877530	878248	877590	878308
chr4	878248	878415	878309	878476
chr4	878416	914000	878476	914060
chr4	914000	914731	914062	914793
chr4	914731	915394	914794	915457
chr4	915394	1019868	915459	1019933
chr4	1019868	1046000	1019934	1046066
chr4	1046000	1061208	1046068	1061276
chr4	1061208	1074078	1061278	1074148
chr4	1074080	1084275	1074148	1084343
chr4	1084276	1084829	1084343	1084896
chr4	1084830	1110203	1084896	1110269
chr4	1110203	1122603	1110274	1122674
chr4	1122603	1200000	1122675	1200072
chr4	1200001	1200418	1200073	1200490
chr5	0	28999	0	28999
chr5	29000	52297	29000	52297
chr5	52297	72068	52299	72070
chr5	72070	614974	72070	614974
chr5	614974	614989	614978	614993
chr5	614989	615000	614997	615008
chr5	615000	729430	615000	729430
chr5	729431	811545	729430	811544
chr5	811547	877777	811544	877774
chr5	877778	955907	877774	955903
chr5	955909	1031000	955903	1030994
chr5	1031000	1031018	1030986	1031004
chr5	1031018	1032663	1031012	1032657
chr5	1032663	1033014	1032658	1033009
chr5	1033015	1034740	1033009	1034734
chr5	1034741	1303212	1034734	1303205
chr5	1303214	1306270	1303205	1306261
chr5	1306272	1311156	1306261	1311145
chr5	1311157	1331907	1311145	1331895
chr5	1331908	1343000	1331895	1342987
chr5	1343001	1343570	1342988	1343557
chr6	0	121576	0	121576
chr6	121577	488716	121576	488715
chr6	488721	599412	488715	599406
chr6	599415	1094666	599406	1094657
chr6	1094667	1094674	1094664	1094671
chr6	1094685	1098992	1094676	1098983
chr6	1098992	1099000	1098984	1098992
chr6	1099000	1418000	1098991	1417991
chr6	1418001	1418251	1417992	1418242
chr7	0	87286	0	87286
chr7	87286	103625	87288	103627
chr7	103627	113521	103627	113521
chr7	113521	148523	113527	148529
chr7	148523	148540	148531	148548
chr7	148542	148560	148548	148566
chr7	148560	190969	148574	190983
chr7	190969	353617	190985	353633
chr7	353618	459172	353633	459187
chr7	459173	712000	459187	712014
chr7	712000	712037	318617	318654
chr7	712039	839249	712053	839263
chr7	839253	941478	839263	941488
chr7	941478	1162783	941489	1162794
chr7	1162785	1164304	1162794	1164313
chr7	1164304	1265756	1164317	1265769
chr7	1265757	1445000	1265769	1445012
chr7	1445001	1445195	1445013	1445207
chr8	0	123517	0	123517
chr8	123517	195814	123524	195821
chr8	195816	195829	195821	195834
chr8	195829	244981	195836	244988
chr8	244981	244988	353688	353695
chr8	244991	245000	353705	353714
chr8	245000	282488	245007	282495
chr8	282492	284126	282495	284129
chr8	284127	320930	284129	320932
chr8	320931	348484	320932	348485
chr8	348484	348519	348489	348524
chr8	348529	376940	348530	376941
chr8	376940	377000	376944	377004
chr8	377000	377009	376872	376881
chr8	377009	545985	377010	545986
chr8	545985	546000	545987	546002
chr8	546000	701496	546001	701497
chr8	701502	785501	701497	785496
chr8	785501	819951	785502	819952
chr8	819955	827470	819952	827467
chr8	827478	841741	827467	841730
chr8	841741	841905	841736	841900
chr8	841906	886810	841900	886804
chr8	886811	922052	886806	922047
chr8	922053	989954	922047	989948
chr8	989955	997000	989948	996993
chr8	997000	1271747	996991	1271738
chr8	1271748	1350155	1271738	1350145
chr8	1350157	1353338	1350145	1353326
chr8	1353338	1353378	1353327	1353367
chr8	1353379	1353819	1353367	1353807
chr8	1353820	1377000	1353807	1376987
chr8	1377000	1377331	1376254	1376585
chr8	1377331	1384286	1377317	1384272
chr8	1384286	1472000	1384278	1471992
chr8	1472001	1472813	1471993	1472805
chr9	0	236031	0	236031
chr9	236036	236902	236031	236897
chr9	236912	315671	236897	315656
chr9	315672	332051	315656	332035
chr9	332051	332066	332038	332053
chr9	332072	1169814	332056	1169798
chr9	1169814	1169850	1169800	1169836
chr9	1169854	1178571	1169838	1178555
chr9	1178571	1178588	1178557	1178574
chr9	1178588	1178602	1178581	1178595
chr9	1178602	1178612	1178602	1178612
chr9	1178633	1324824	1178617	1324808
chr9	1324824	1324856	1324811	1324843
chr9	1324862	1391967	1324846	1391951
chr9	1391967	1470820	1391953	1470806
chr9	1470820	1541000	1470812	1540992
chr9	1541001	1541743	1540993	1541735
