chr1	0	57393	0	57393
chr1	57405	58105	57394	58094
chr1	58106	58173	58096	58163
chr1	58174	58224	58174	58224
chr1	58230	58261	58239	58270
chr1	58282	58313	58287	58318
chr1	58313	58340	58321	58348
chr1	58340	74436	58350	74446
chr1	74436	75673	74447	75684
chr1	75674	108582	75684	108592
chr1	108582	122532	108596	122546
chr1	122534	187981	122546	187993
chr1	187983	190341	187993	190351
chr1	190347	237233	190351	237237
chr1	237233	237528	237240	237535
chr1	237532	270241	237535	270244
chr1	270241	272445	270249	272453
chr1	272445	273112	272454	273121
chr1	273112	286870	273143	286901
chr1	286882	287206	286901	287225
chr1	287206	288113	287231	288138
chr1	288115	288324	288138	288347
chr1	288336	288502	288347	288513
chr1	288502	289079	288514	289091
chr1	289079	289335	289111	289367
chr1	289345	289466	289367	289488
chr1	289466	292611	289492	292637
chr1	292617	292859	292637	292879
chr1	292859	293470	292897	293508
chr1	293470	293766	293520	293816
chr1	293780	293829	293816	293865
chr1	293835	294071	293865	294101
chr1	294071	294416	294107	294452
chr1	294424	297164	294452	297192
chr1	297168	310379	297192	310403
chr1	310379	311942	310405	311968
chr1	311942	313140	311970	313168
chr1	313140	314518	313172	314550
chr1	314519	319523	314557	319561
chr1	319529	319760	319561	319792
chr1	319760	320648	319794	320682
chr1	320654	326186	320682	326214
chr1	326188	326194	326214	326220
chr1	326194	332800	326221	332827
chr1	332800	333937	332831	333968
chr1	333937	334837	333972	334872
chr1	334837	337059	334876	337098
chr1	337079	337086	337123	337130
chr1	337091	358000	337130	358039
chr1	358000	371612	358043	371655
chr1	371612	428897	371656	428941
chr1	428897	429718	428943	429764
chr1	429718	430511	429766	430559
chr1	430511	440459	430560	440508
chr1	440461	440732	440508	440779
chr1	440732	444275	440781	444324
chr1	444277	444671	444324	444718
chr1	444671	444927	444719	444975
chr1	444927	491555	444977	491605
chr1	491555	493093	491606	493144
chr1	493093	518428	493145	518480
chr1	518428	539705	518482	539759
chr1	539705	568028	539760	568083
chr1	568028	572418	568084	572474
chr1	572418	573087	572475	573144
chr1	573091	573627	573144	573680
chr1	573627	575212	573682	575267
chr1	575212	640851	575268	640907
chr10	0	362991	0	362991
chr10	363000	402914	363000	402914
chr10	402914	415874	402916	415876
chr10	415874	517786	415877	517789
chr10	517788	665383	517789	665384
chr10	665383	674113	665386	674116
chr10	674113	811535	674117	811539
chr10	811535	811582	811541	811588
chr10	811584	917079	811588	917083
chr10	917079	917181	917084	917186
chr10	917182	931967	917186	931971
chr10	931968	1137337	931971	1137340
chr10	1137337	1216124	1137341	1216128
chr10	1216127	1216141	1216128	1216142
chr10	1216144	1216157	1216142	1216155
chr10	1216160	1334542	1216164	1334546
chr10	1334542	1476111	1334547	1476116
chr10	1476111	1576375	1476118	1576382
chr10	1576375	1687656	1576383	1687664
chr11	0	251651	0	251651
chr11	251651	294646	251652	294647
chr11	294651	298531	294647	298527
chr11	298531	337598	298528	337595
chr11	337598	560875	337596	560873
chr11	560877	670605	560873	670601
chr11	670633	670652	670631	670650
chr11	670654	713558	670650	713554
chr11	713558	714099	713555	714096
chr11	714099	769113	714097	769111
chr11	769113	925553	769113	925553
chr11	925553	1189666	925554	1189667
chr11	1189700	1695296	1189700	1695296
chr11	1695296	1726965	1695297	1726966
chr11	1726965	2038340	1726967	2038342
chr12	0	166074	0	166074
chr12	166074	193718	166075	193719
chr12	193732	193749	193737	193754
chr12	193758	207496	193759	207497
chr12	207496	207730	207498	207732
chr12	207730	232000	207733	232003
chr12	232000	249977	232004	249981
chr12	249977	434461	249982	434466
chr12	434461	451824	434467	451830
chr12	451824	466165	451831	466172
chr12	466165	483979	466173	483987
chr12	483979	490626	483988	490635
chr12	490626	520038	490636	520048
chr12	520038	585416	520049	585427
chr12	585416	588000	585428	588012
chr12	588000	589701	588013	589714
chr12	589701	644209	589715	644223
chr12	644209	646641	644225	646657
chr12	646641	650342	646658	650359
chr12	650346	651190	650359	651203
chr12	651192	725103	651203	725114
chr12	725103	725231	725115	725243
chr12	725236	725242	725243	725249
chr12	725242	725246	725250	725254
chr12	725256	729078	725268	729090
chr12	729097	729113	729090	729106
chr12	729118	732572	729130	732584
chr12	732572	818671	732585	818684
chr12	818673	828501	818684	828512
chr12	828501	852322	828513	852334
chr12	852326	901229	852334	901237
chr12	901235	901241	901255	901261
chr12	901247	901253	901261	901267
chr12	901259	918105	901267	918113
chr12	918107	918136	918113	918142
chr12	918136	961455	918144	961463
chr12	961455	962087	961467	962099
chr12	962087	1031000	962100	1031013
chr12	1031072	1066911	1031085	1066924
chr12	1066911	1090489	1066925	1090503
chr12	1090491	1163252	1090503	1163264
chr12	1163257	1163271	1163264	1163278
chr12	1163276	1163308	1163278	1163310
chr12	1163313	1210813	1163325	1210825
chr12	1210813	1252711	1210826	1252724
chr12	1252711	1271140	1252726	1271155
chr12	1271140	1312564	1271156	1312580
chr12	1312564	1315345	1312581	1315362
chr12	1315348	1320588	1315364	1320604
chr12	1320588	1339277	1320605	1339294
chr12	1339277	1457978	1339295	1457996
chr12	1457978	1508426	1457997	1508445
chr12	1508426	1519707	1508446	1519727
chr12	1519709	1519719	1519727	1519737
chr12	1519725	1519942	1519745	1519962
chr12	1519942	1559116	1519963	1559137
chr12	1559116	1576251	1559138	1576273
chr12	1576251	1581364	1576274	1581387
chr12	1581364	1619072	1581388	1619096
chr12	1619072	1624977	1619097	1625002
chr12	1624980	1625000	1625002	1625022
chr12	1625000	1701028	1625025	1701053
chr12	1701028	1713100	1701054	1713126
chr12	1713100	1748654	1713127	1748681
chr12	1748654	1748783	1748682	1748811
chr12	1748783	1786808	1748812	1786837
chr12	1786808	1789189	1786839	1789220
chr12	1789189	1795568	1789222	1795601
chr12	1795568	1795826	1795602	1795860
chr12	1795826	1821258	1795861	1821293
chr12	1821258	1836675	1821294	1836711
chr12	1836683	1836693	1836711	1836721
chr12	1836695	1836710	1836721	1836736
chr12	1836712	1859582	1836748	1859618
chr12	1859582	1879082	1859619	1879119
chr12	1879082	1879086	1879121	1879125
chr12	1879088	1895995	1879125	1896032
chr12	1895995	1896000	1896033	1896038
chr12	1896000	1897298	1896037	1897335
chr12	1897298	1908108	1897336	1908146
chr12	1908110	1919451	1908146	1919487
chr12	1919451	1983152	1919488	1983189
chr12	1983152	1994000	1983191	1994039
chr12	1994000	2009937	1994040	2009977
chr12	2009939	2010089	2009977	2010127
chr12	2010089	2040311	2010128	2040350
chr12	2040313	2216341	2040350	2216378
chr12	2216341	2271494	2216382	2271535
chr13	0	94965	0	94965
chr13	94967	95896	94965	95894
chr13	95896	115406	95895	115405
chr13	115406	116273	115406	116273
chr13	116273	179841	116293	179861
chr13	179843	276287	179861	276305
chr13	276289	414290	276305	414306
chr13	414290	421940	414308	421958
chr13	421942	422349	421958	422365
chr13	422349	547858	422366	547875
chr13	547858	547934	547876	547952
chr13	547934	548174	547954	548194
chr13	548174	548455	548198	548479
chr13	548457	600576	548479	600598
chr13	600576	679386	600600	679410
chr13	679386	1048418	679411	1048443
chr13	1048429	1048441	1048443	1048455
chr13	1048447	1638951	1048472	1638976
chr13	1638953	1649844	1638976	1649867
chr13	1649844	1694889	1649872	1694917
chr13	1694889	1784607	1694918	1784636
chr13	1784607	1893887	1784637	1893917
chr13	1893887	1895289	1893918	1895320
chr13	1895289	1906198	1895322	1906231
chr13	1906200	1929371	1906231	1929402
chr13	1929373	1929399	1929402	1929428
chr13	1929399	1948837	1929430	1948868
chr13	1948837	1976223	1948869	1976255
chr13	1976225	2010834	1976255	2010864
chr13	2010834	2031319	2010866	2031351
chr13	2031319	2096898	2031353	2096932
chr13	2096898	2126838	2096934	2126874
chr13	2126839	2211516	2126874	2211551
chr13	2211600	2211608	2211633	2211641
chr13	2211611	2211618	2211642	2211649
chr13	2211618	2211628	2211650	2211660
chr13	2211632	2367264	2211666	2367298
chr13	2367264	2370084	2367299	2370119
chr13	2370084	2379992	2370120	2380028
chr13	2379992	2508822	2380029	2508859
chr13	2508871	2508907	2508910	2508946
chr13	2508909	2660921	2508946	2660958
chr13	2660921	2671993	2660964	2672036
chr13	2672082	2672837	2672126	2672881
chr13	2672918	2672926	2672946	2672954
chr13	2672943	2672953	2672954	2672964
chr13	2672954	2672962	2672984	2672992
chr13	2672963	2674491	2673010	2674538
chr13	2674505	2779465	2674558	2779518
chr13	2779465	2808470	2779519	2808524
chr13	2808470	2826623	2808526	2826679
chr13	2826625	2925236	2826679	2925290
chr14	0	18620	0	18620
chr14	18625	106000	18620	105995
chr14	106001	109948	105996	109943
chr14	109948	133671	109944	133667
chr14	133671	179866	133669	179864
chr14	179876	179889	179864	179877
chr14	179901	209228	179899	209226
chr14	209228	233983	209227	233982
chr14	233987	282213	233982	282208
chr14	282213	472577	282209	472573
chr14	472579	572844	472573	572838
chr14	572844	573074	572840	573070
chr14	573076	573781	573070	573775
chr14	573781	573863	573776	573858
chr14	573867	623838	573858	623829
chr14	623838	723307	623830	723299
chr14	723307	814992	723301	814986
chr14	814992	815000	815013	815021
chr14	815001	966063	814995	966057
chr14	966065	986546	966057	986538
chr14	986546	1153878	986540	1153872
chr14	1153878	1154632	1153876	1154630
chr14	1154632	1339053	1154631	1339052
chr14	1339055	1339362	1339052	1339359
chr14	1339362	1340209	1339361	1340208
chr14	1340209	1615960	1340209	1615960
chr14	1615960	2029233	1615964	2029237
chr14	2029233	2030129	2029238	2030134
chr14	2030129	2066053	2030136	2066060
chr14	2066053	2187678	2066062	2187687
chr14	2187682	2233283	2187687	2233288
chr14	2233285	2446734	2233288	2446737
chr14	2446734	2628995	2446738	2628999
chr14	2628995	2768961	2629001	2768967
chr14	2768961	2824249	2768970	2824258
chr14	2824249	2911282	2824260	2911293
chr14	2911284	2911322	2911293	2911331
chr14	2911322	2911952	2911333	2911963
chr14	2911954	2997115	2911963	2997124
chr14	2997115	3018882	2997125	3018892
chr14	3018882	3046228	3018893	3046239
chr14	3046230	3158184	3046239	3158193
chr14	3158189	3158208	3158193	3158212
chr14	3158213	3158232	3158212	3158231
chr14	3158237	3185620	3158246	3185629
chr14	3185620	3291936	3185631	3291947
chr2	0	257378	0	257378
chr2	257381	483170	257378	483167
chr2	483183	483198	483167	483182
chr2	483199	631341	483196	631338
chr2	631341	674687	631351	674697
chr2	674687	676172	674701	676186
chr2	676172	719245	676189	719262
chr2	719250	719267	719269	719286
chr2	719269	794122	719286	794139
chr2	794122	947102	794140	947120
chr3	0	74307	0	74307
chr3	74311	75490	74307	75486
chr3	75490	75526	75488	75524
chr3	75528	87258	75524	87254
chr3	87260	100663	87254	100657
chr3	100665	111789	100657	111781
chr3	111791	151490	111781	151480
chr3	151490	173323	151482	173315
chr3	173323	210896	173317	210890
chr3	210896	211387	210892	211383
chr3	211387	248738	211385	248736
chr3	248738	249431	248738	249431
chr3	249435	250788	249431	250784
chr3	250788	291081	250791	291084
chr3	291083	426064	291084	426065
chr3	426064	426429	426066	426431
chr3	426431	451609	426431	451609
chr3	451611	451629	451609	451627
chr3	451629	460799	451629	460799
chr3	460799	486463	460800	486464
chr3	486465	499123	486464	499122
chr3	499125	527779	499122	527776
chr3	527781	532855	527776	532850
chr3	532855	572058	532858	572061
chr3	572058	603314	572063	603319
chr3	603316	610968	603319	610971
chr3	610968	630555	610972	630559
chr3	630559	697453	630559	697453
chr3	697453	710568	697455	710570
chr3	710570	710614	710570	710614
chr3	710614	711253	710615	711254
chr3	711255	715559	711254	715558
chr3	715559	723187	715559	723187
chr3	723187	756375	723191	756379
chr3	756377	761269	756379	761271
chr3	761269	763130	761273	763134
chr3	763130	820211	763136	820217
chr3	820220	863731	820217	863728
chr3	863735	863878	863728	863871
chr3	863880	911167	863871	911158
chr3	911167	928633	911160	928626
chr3	928633	976103	928627	976097
chr3	976105	976668	976097	976660
chr3	976670	996737	976660	996727
chr3	996743	997048	996727	997032
chr3	997050	1067971	997032	1067953
chr4	0	95876	0	95876
chr4	95878	96439	95876	96437
chr4	96441	97224	96437	97220
chr4	97224	116963	97224	116963
chr4	116965	117095	116963	117093
chr4	117095	119169	117095	119169
chr4	119171	136783	119169	136781
chr4	136783	146693	136782	146692
chr4	146693	173493	146693	173493
chr4	173495	197000	173493	196998
chr4	197000	197044	196988	197032
chr4	197044	203683	197042	203681
chr4	203685	204602	203681	204598
chr4	204604	207141	204598	207135
chr4	207141	214769	207145	214773
chr4	214773	217286	214773	217286
chr4	217287	242907	217286	242906
chr4	242923	245000	242906	244983
chr4	245000	245855	244981	245836
chr4	245855	249763	245837	249745
chr4	249787	250112	249745	250070
chr4	250118	250394	250070	250346
chr4	250400	260299	250346	260245
chr4	260301	278000	260245	277944
chr4	278000	278558	277958	278516
chr4	278558	303213	278524	303179
chr4	303223	305269	303179	305225
chr4	305269	313649	305229	313609
chr4	313661	313871	313609	313819
chr4	313891	320033	313819	319961
chr4	320068	320077	319961	319970
chr4	320077	320133	320005	320061
chr4	320133	320255	320081	320203
chr4	320255	331000	320218	330963
chr4	331000	331006	330778	330784
chr4	331006	332437	330943	332374
chr4	332439	344766	332374	344701
chr4	344774	351080	344701	351007
chr4	351080	353349	351022	353291
chr4	353351	367453	353291	367393
chr4	367453	370000	367403	369950
chr4	370003	372511	369949	372457
chr4	372511	375119	372469	375077
chr4	375146	375168	375077	375099
chr4	375169	382973	375124	382928
chr4	382973	382988	440418	440433
chr4	382988	382997	440443	440452
chr4	383000	383354	382925	383279
chr4	383362	401289	383279	401206
chr4	401289	406744	401214	406669
chr4	406744	489939	406679	489874
chr4	489941	489966	489930	489955
chr4	489966	490000	490281	490315
chr4	490000	497383	489935	497318
chr4	497383	497403	497320	497340
chr4	497405	535905	497340	535840
chr4	535905	647220	535842	647157
chr4	647220	717153	647159	717092
chr4	717153	725000	717093	724940
chr4	725000	729815	724942	729757
chr4	729816	739953	729757	739894
chr4	739953	740777	739896	740720
chr4	740779	815779	740720	815720
chr4	815779	816079	815721	816021
chr4	816080	828109	816021	828050
chr4	828109	877588	828051	877530
chr4	877590	878308	877530	878248
chr4	878309	878476	878248	878415
chr4	878476	914068	878416	914008
chr4	914070	914792	914008	914730
chr4	914793	915457	914730	915394
chr4	915459	1019933	915394	1019868
chr4	1019934	1046066	1019868	1046000
chr4	1046068	1061276	1046000	1061208
chr4	1061278	1074148	1061208	1074078
chr4	1074148	1084364	1074080	1084296
chr4	1084364	1084896	1084297	1084829
chr4	1084896	1110268	1084830	1110202
chr4	1110273	1122674	1110202	1122603
chr4	1122675	1200490	1122603	1200418
chr5	0	28999	0	28999
chr5	29000	52297	29000	52297
chr5	52299	72070	52297	72068
chr5	72070	614948	72070	614948
chr5	614948	614993	614986	615031
chr5	614995	615000	615031	615036
chr5	615000	729430	615000	729430
chr5	729430	811544	729431	811545
chr5	811544	877774	811547	877777
chr5	877774	955912	877778	955916
chr5	955912	1032657	955918	1032663
chr5	1032658	1033029	1032663	1033034
chr5	1033029	1034734	1033035	1034740
chr5	1034734	1303205	1034741	1303212
chr5	1303205	1306261	1303214	1306270
chr5	1306261	1311145	1306272	1311156
chr5	1311145	1331895	1311157	1331907
chr5	1331895	1343557	1331908	1343570
chr6	0	121576	0	121576
chr6	121576	488668	121577	488669
chr6	488668	599406	488674	599412
chr6	599406	1094657	599415	1094666
chr6	1094664	1094668	1094667	1094671
chr6	1094675	1094676	1094671	1094672
chr6	1094676	1418242	1094685	1418251
chr7	0	87286	0	87286
chr7	87288	103627	87286	103625
chr7	103627	113554	103627	113554
chr7	113560	148529	113554	148523
chr7	148531	148548	148523	148540
chr7	148548	148581	148542	148575
chr7	148589	190983	148575	190969
chr7	190985	353633	190969	353617
chr7	353633	459187	353618	459172
chr7	459187	712000	459173	711986
chr7	712000	712016	711620	711636
chr7	712016	712067	711982	712033
chr7	712067	839236	712053	839222
chr7	839236	941488	839226	941478
chr7	941489	1162794	941478	1162783
chr7	1162794	1164347	1162785	1164338
chr7	1164351	1265769	1164338	1265756
chr7	1265769	1445207	1265757	1445195
chr8	0	123517	0	123517
chr8	123524	195821	123517	195814
chr8	195821	195830	195816	195825
chr8	195832	244988	195825	244981
chr8	245000	282495	244993	282488
chr8	282495	284129	282492	284126
chr8	284129	320932	284127	320930
chr8	320932	348485	320931	348484
chr8	348489	348524	348484	348519
chr8	348530	376941	348529	376940
chr8	376944	377000	376940	376996
chr8	377000	701497	376999	701496
chr8	701497	785496	701502	785501
chr8	785502	819905	785501	819904
chr8	819905	827426	819908	827429
chr8	827426	841770	827437	841781
chr8	841776	841900	841781	841905
chr8	841900	886804	841906	886810
chr8	886806	922047	886811	922052
chr8	922047	989948	922053	989954
chr8	989948	996995	989955	997002
chr8	996995	1271738	997004	1271747
chr8	1271738	1350145	1271748	1350155
chr8	1350145	1353326	1350157	1353338
chr8	1353327	1353367	1353338	1353378
chr8	1353367	1353807	1353379	1353819
chr8	1353807	1376995	1353820	1377008
chr8	1376995	1384290	1377009	1384304
chr8	1384296	1472805	1384304	1472813
chr9	0	236031	0	236031
chr9	236031	236870	236036	236875
chr9	236870	315656	236885	315671
chr9	315656	332035	315672	332051
chr9	332038	332053	332051	332066
chr9	332056	1169798	332072	1169814
chr9	1169800	1169836	1169814	1169850
chr9	1169838	1178555	1169854	1178571
chr9	1178557	1178574	1178571	1178588
chr9	1178581	1178595	1178588	1178602
chr9	1178602	1178612	1178602	1178612
chr9	1178617	1324808	1178633	1324824
chr9	1324811	1324843	1324824	1324856
chr9	1324846	1391951	1324862	1391967
chr9	1391953	1470842	1391967	1470856
chr9	1470848	1541735	1470856	1541743
